Z=0.001000 Y=0.232000 OS=0.20 l/Hp=1.743201 [Fe/H]=-1.505247 [Alpha/Fe]= 0.30   
  M/Msun     logT  logL/Ls   logg    Mv     U-B    B-V    V-R    V-I    V-J    V-H    V-K    V-L    V-M     #(x=-1)    #(x=1.35)    #(x=3)
age(Gyr)=12.000 140 points
 0.4000000  3.5644 -1.5979  4.8475 10.032  1.011  1.495  1.025  1.978  2.863  3.474  3.693  3.856  4.715  1.8710E+01  6.8338E+01  1.4956E+02
 0.4187099  3.5797 -1.5111  4.8417  9.594  0.971  1.405  0.923  1.778  2.625  3.199  3.408  3.583  4.394  3.7418E+01  1.2621E+02  2.6130E+02
 0.4374181  3.5950 -1.4239  4.8347  9.196  0.908  1.311  0.851  1.648  2.385  2.924  3.126  3.317  4.080  3.7408E+01  1.1385E+02  2.1930E+02
 0.4561183  3.6103 -1.3364  4.8266  8.837  0.829  1.231  0.771  1.502  2.224  2.739  2.929  3.114  3.835  3.7314E+01  1.0293E+02  1.8503E+02
 0.4747325  3.6256 -1.2486  4.8174  8.506  0.736  1.159  0.682  1.339  2.108  2.614  2.785  2.944  3.625  3.7179E+01  9.3348E+01  1.5707E+02
 0.4932970  3.6409 -1.1605  4.8071  8.202  0.667  1.099  0.623  1.221  2.008  2.520  2.677  2.825  3.486  3.9181E+01  8.9672E+01  1.4138E+02
 0.5139138  3.6558 -1.0723  4.7963  7.904  0.595  1.039  0.571  1.115  1.905  2.422  2.567  2.705  3.349  4.2167E+01  8.7776E+01  1.2949E+02
 0.5354642  3.6706 -0.9841  4.7852  7.585  0.490  0.963  0.510  0.997  1.763  2.267  2.401  2.522  3.138  4.2813E+01  8.1030E+01  1.1181E+02
 0.5567272  3.6854 -0.8955  4.7727  7.290  0.349  0.883  0.468  0.923  1.626  2.107  2.231  2.340  2.922  4.2189E+01  7.2864E+01  9.4276E+01
 0.5776529  3.7001 -0.8064  4.7584  7.019  0.187  0.804  0.441  0.878  1.513  1.969  2.081  2.182  2.735  2.4688E+01  3.9762E+01  4.8971E+01
 0.5814156  3.7027 -0.7901  4.7553  6.973  0.161  0.790  0.437  0.871  1.497  1.951  2.062  2.161  2.710  7.4423E+00  1.1599E+01  1.3958E+01
 0.5850952  3.7054 -0.7741  4.7529  6.929  0.134  0.776  0.434  0.865  1.483  1.934  2.043  2.141  2.687  7.4385E+00  1.1421E+01  1.3600E+01
 0.5888541  3.7080 -0.7577  4.7496  6.885  0.109  0.762  0.431  0.860  1.469  1.919  2.026  2.122  2.666  7.4047E+00  1.1201E+01  1.3200E+01
 0.5924999  3.7107 -0.7417  4.7471  6.842  0.084  0.747  0.427  0.855  1.455  1.903  2.009  2.104  2.644  7.3707E+00  1.0987E+01  1.2815E+01
 0.5962248  3.7133 -0.7253  4.7438  6.798  0.060  0.734  0.424  0.849  1.442  1.889  1.992  2.086  2.624  7.4240E+00  1.0906E+01  1.2590E+01
 0.5999239  3.7160 -0.7089  4.7409  6.754  0.037  0.720  0.421  0.844  1.429  1.873  1.974  2.067  2.602  8.3397E+00  1.2063E+01  1.3775E+01
 0.6045645  3.7184 -0.6912  4.7362  6.707  0.017  0.707  0.418  0.838  1.416  1.858  1.957  2.049  2.581  9.3938E+00  1.3355E+01  1.5066E+01
 0.6093177  3.7207 -0.6732  4.7308  6.659 -0.001  0.696  0.415  0.833  1.403  1.842  1.940  2.030  2.558  9.4814E+00  1.3235E+01  1.4741E+01
 0.6140459  3.7231 -0.6551  4.7256  6.610 -0.019  0.684  0.412  0.827  1.389  1.824  1.920  2.009  2.533  9.5072E+00  1.3031E+01  1.4329E+01
 0.6188249  3.7254 -0.6367  4.7198  6.561 -0.035  0.673  0.408  0.822  1.375  1.806  1.901  1.988  2.507  9.5958E+00  1.2915E+01  1.4022E+01
 0.6236417  3.7277 -0.6181  4.7138  6.511 -0.051  0.662  0.405  0.816  1.360  1.786  1.880  1.967  2.480  9.6262E+00  1.2723E+01  1.3637E+01
 0.6284511  3.7300 -0.5994  4.7076  6.461 -0.066  0.651  0.402  0.811  1.346  1.767  1.859  1.944  2.452  9.5562E+00  1.2405E+01  1.3130E+01
 0.6331979  3.7323 -0.5807  4.7014  6.411 -0.081  0.641  0.398  0.805  1.331  1.747  1.837  1.922  2.423  9.5658E+00  1.2198E+01  1.2751E+01
 0.6380169  3.7345 -0.5616  4.6944  6.360 -0.094  0.630  0.395  0.799  1.318  1.728  1.817  1.900  2.396  9.5512E+00  1.1966E+01  1.2354E+01
 0.6427491  3.7368 -0.5426  4.6878  6.310 -0.108  0.620  0.391  0.793  1.303  1.708  1.795  1.877  2.366  9.5839E+00  1.1798E+01  1.2031E+01
 0.6476008  3.7390 -0.5230  4.6802  6.258 -0.121  0.610  0.388  0.787  1.290  1.690  1.775  1.856  2.339  9.6143E+00  1.1631E+01  1.1716E+01
 0.6523634  3.7412 -0.5036  4.6728  6.206 -0.133  0.600  0.384  0.780  1.276  1.671  1.755  1.834  2.311  9.5544E+00  1.1360E+01  1.1304E+01
 0.6571552  3.7434 -0.4839  4.6651  6.154 -0.146  0.590  0.380  0.773  1.262  1.652  1.734  1.812  2.282  9.5026E+00  1.1107E+01  1.0920E+01
 0.6618660  3.7456 -0.4642  4.6573  6.102 -0.160  0.581  0.375  0.765  1.248  1.633  1.712  1.789  2.252  9.4739E+00  1.0887E+01  1.0579E+01
 0.6666291  3.7478 -0.4442  4.6492  6.048 -0.173  0.571  0.371  0.757  1.233  1.614  1.690  1.765  2.222  9.4905E+00  1.0725E+01  1.0299E+01
 0.6713565  3.7499 -0.4241  4.6406  5.995 -0.184  0.562  0.366  0.748  1.219  1.595  1.669  1.743  2.193  9.5415E+00  1.0604E+01  1.0064E+01
 0.6761706  3.7520 -0.4033  4.6313  5.941 -0.195  0.553  0.362  0.740  1.206  1.578  1.649  1.721  2.164  9.5213E+00  1.0407E+01  9.7623E+00
 0.6808778  3.7541 -0.3828  4.6222  5.887 -0.204  0.544  0.357  0.731  1.193  1.560  1.629  1.700  2.137  9.4780E+00  1.0191E+01  9.4495E+00
 0.6856486  3.7562 -0.3617  4.6125  5.831 -0.212  0.536  0.353  0.723  1.180  1.544  1.611  1.680  2.111  9.5673E+00  1.0120E+01  9.2764E+00
 0.6904451  3.7582 -0.3402  4.6021  5.775 -0.218  0.528  0.348  0.715  1.169  1.529  1.594  1.662  2.088  9.4019E+00  9.7849E+00  8.8681E+00
 0.6950505  3.7603 -0.3194  4.5925  5.721 -0.223  0.520  0.344  0.706  1.158  1.515  1.579  1.645  2.065  9.3519E+00  9.5793E+00  8.5853E+00
 0.6997970  3.7623 -0.2975  4.5816  5.664 -0.227  0.513  0.340  0.699  1.149  1.502  1.565  1.630  2.046  1.0056E+01  1.0134E+01  8.9785E+00
 0.7051066  3.7642 -0.2753  4.5703  5.607 -0.231  0.507  0.336  0.692  1.140  1.492  1.553  1.617  2.030  1.0714E+01  1.0611E+01  9.2876E+00
 0.7105114  3.7660 -0.2525  4.5580  5.549 -0.233  0.501  0.333  0.685  1.133  1.482  1.543  1.605  2.015  1.0638E+01  1.0350E+01  8.9471E+00
 0.7157443  3.7679 -0.2300  4.5463  5.491 -0.236  0.495  0.329  0.677  1.125  1.472  1.532  1.594  2.000  1.0430E+01  9.9732E+00  8.5168E+00
 0.7209412  3.7697 -0.2071  4.5337  5.432 -0.237  0.489  0.325  0.671  1.118  1.463  1.522  1.582  1.986  1.0436E+01  9.8098E+00  8.2775E+00
 0.7261798  3.7715 -0.1836  4.5206  5.372 -0.238  0.484  0.322  0.664  1.111  1.453  1.512  1.571  1.971  1.0439E+01  9.6485E+00  8.0451E+00
 0.7313806  3.7732 -0.1599  4.5068  5.311 -0.239  0.479  0.318  0.657  1.104  1.444  1.502  1.560  1.957  1.0331E+01  9.3901E+00  7.7382E+00
 0.7365112  3.7749 -0.1359  4.4926  5.249 -0.240  0.474  0.315  0.651  1.096  1.434  1.492  1.548  1.942  1.0139E+01  9.0659E+00  7.3855E+00
 0.7415201  3.7766 -0.1119  4.4783  5.187 -0.240  0.469  0.312  0.644  1.088  1.423  1.481  1.536  1.927  9.9892E+00  8.7897E+00  7.0805E+00
 0.7465004  3.7783 -0.0874  4.4636  5.124 -0.240  0.464  0.309  0.638  1.079  1.411  1.468  1.522  1.909  9.8548E+00  8.5367E+00  6.8014E+00
 0.7513749  3.7800 -0.0628  4.4486  5.060 -0.239  0.460  0.305  0.631  1.069  1.398  1.454  1.507  1.890  9.7342E+00  8.3036E+00  6.5447E+00
 0.7562346  3.7816 -0.0376  4.4326  4.994 -0.238  0.456  0.303  0.625  1.060  1.385  1.441  1.492  1.871  9.6136E+00  8.0780E+00  6.2998E+00
 0.7609885  3.7832 -0.0122  4.4163  4.927 -0.237  0.452  0.300  0.619  1.049  1.372  1.426  1.476  1.851  9.4480E+00  7.8225E+00  6.0377E+00
 0.7656826  3.7847  0.0137  4.3991  4.859 -0.235  0.448  0.297  0.613  1.039  1.358  1.411  1.460  1.831  9.2824E+00  7.5754E+00  5.7880E+00
 0.7702709  3.7862  0.0398  4.3816  4.791 -0.233  0.444  0.294  0.608  1.028  1.344  1.396  1.444  1.811  9.2051E+00  7.4068E+00  5.6033E+00
 0.7748877  3.7876  0.0669  4.3627  4.720 -0.231  0.441  0.292  0.602  1.017  1.330  1.382  1.429  1.791  9.0745E+00  7.2009E+00  5.3946E+00
 0.7793454  3.7890  0.0942  4.3435  4.648 -0.228  0.437  0.289  0.597  1.007  1.316  1.367  1.413  1.771  8.9640E+00  7.0169E+00  5.2067E+00
 0.7838517  3.7902  0.1228  4.3222  4.574 -0.226  0.434  0.287  0.592  0.997  1.304  1.354  1.399  1.753  8.8770E+00  6.8562E+00  5.0398E+00
 0.7882224  3.7914  0.1514  4.3008  4.499 -0.223  0.431  0.285  0.588  0.988  1.291  1.341  1.385  1.736  8.7391E+00  6.6614E+00  4.8515E+00
 0.7925908  3.7926  0.1808  4.2786  4.423 -0.220  0.428  0.282  0.583  0.979  1.279  1.328  1.371  1.718  8.8442E+00  6.6540E+00  4.8018E+00
 0.7970666  3.7935  0.2120  4.2534  4.342 -0.218  0.426  0.281  0.579  0.971  1.270  1.318  1.360  1.704  9.0052E+00  6.6863E+00  4.7807E+00
 0.8015960  3.7943  0.2440  4.2271  4.260 -0.215  0.424  0.279  0.576  0.965  1.261  1.309  1.351  1.692  9.0358E+00  6.6207E+00  4.6899E+00
 0.8061024  3.7951  0.2760  4.2007  4.178 -0.213  0.421  0.278  0.573  0.959  1.253  1.300  1.341  1.680  9.1182E+00  6.5930E+00  4.6270E+00
 0.8107142  3.7954  0.3115  4.1689  4.088 -0.210  0.420  0.277  0.571  0.956  1.249  1.296  1.337  1.675  8.9571E+00  6.3920E+00  4.4447E+00
 0.8150595  3.7951  0.3471  4.1344  3.999 -0.208  0.420  0.277  0.572  0.958  1.251  1.299  1.340  1.678  8.1066E+00  5.7141E+00  3.9391E+00
 0.8188208  3.7944  0.3802  4.1005  3.917 -0.206  0.421  0.278  0.574  0.962  1.257  1.305  1.347  1.687  6.7276E+00  4.6918E+00  3.2102E+00
 0.8217871  3.7930  0.4089  4.0678  3.847 -0.206  0.424  0.281  0.579  0.972  1.270  1.319  1.362  1.706  5.4744E+00  3.7846E+00  2.5736E+00
 0.8242952  3.7911  0.4352  4.0352  3.785 -0.206  0.428  0.284  0.586  0.986  1.288  1.339  1.383  1.733  4.6189E+00  3.1702E+00  2.1449E+00
 0.8264060  3.7888  0.4592  4.0031  3.729 -0.207  0.432  0.288  0.594  1.003  1.311  1.362  1.409  1.766  3.8785E+00  2.6460E+00  1.7826E+00
 0.8281737  3.7860  0.4810  3.9710  3.681 -0.209  0.438  0.293  0.604  1.024  1.337  1.391  1.440  1.805  3.2801E+00  2.2264E+00  1.4946E+00
 0.8296861  3.7828  0.5010  3.9390  3.637 -0.210  0.445  0.299  0.616  1.046  1.366  1.422  1.473  1.847  2.7459E+00  1.8558E+00  1.2421E+00
 0.8309196  3.7795  0.5182  3.9093  3.600 -0.211  0.453  0.305  0.628  1.067  1.393  1.451  1.504  1.887  2.2627E+00  1.5239E+00  1.0174E+00
 0.8319488  3.7761  0.5334  3.8810  3.567 -0.211  0.461  0.311  0.641  1.085  1.418  1.477  1.533  1.923  1.8854E+00  1.2660E+00  8.4353E-01
 0.8328050  3.7726  0.5464  3.8545  3.539 -0.210  0.470  0.318  0.654  1.102  1.440  1.500  1.558  1.955  1.6295E+00  1.0915E+00  7.2597E-01
 0.8335783  3.7690  0.5586  3.8283  3.512 -0.209  0.479  0.325  0.668  1.117  1.460  1.521  1.581  1.984  1.4705E+00  9.8284E-01  6.5270E-01
 0.8342755  3.7654  0.5697  3.8031  3.489 -0.207  0.489  0.331  0.682  1.132  1.481  1.543  1.604  2.014  1.3179E+00  8.7912E-01  5.8301E-01
 0.8348962  3.7618  0.5798  3.7790  3.468 -0.204  0.500  0.338  0.696  1.148  1.503  1.566  1.630  2.047  1.2058E+00  8.0291E-01  5.3181E-01
 0.8354813  3.7582  0.5900  3.7547  3.447 -0.198  0.512  0.346  0.710  1.167  1.528  1.593  1.659  2.085  1.1512E+00  7.6529E-01  5.0630E-01
 0.8360474  3.7546  0.6008  3.7298  3.425 -0.189  0.525  0.353  0.725  1.189  1.557  1.625  1.693  2.129  1.0942E+00  7.2625E-01  4.7994E-01
 0.8365755  3.7510  0.6125  3.7039  3.402 -0.177  0.539  0.361  0.740  1.212  1.588  1.659  1.730  2.178  1.0448E+00  6.9242E-01  4.5710E-01
 0.8370922  3.7475  0.6261  3.6766  3.373 -0.161  0.554  0.369  0.754  1.235  1.619  1.695  1.768  2.227  1.0288E+00  6.8082E-01  4.4899E-01
 0.8376043  3.7442  0.6423  3.6475  3.338 -0.145  0.568  0.375  0.766  1.258  1.649  1.728  1.803  2.273  1.0369E+00  6.8519E-01  4.5141E-01
 0.8381291  3.7410  0.6628  3.6144  3.292 -0.130  0.581  0.382  0.777  1.279  1.678  1.759  1.837  2.316  1.0480E+00  6.9151E-01  4.5511E-01
 0.8386523  3.7382  0.6872  3.5791  3.235 -0.117  0.594  0.386  0.786  1.296  1.702  1.785  1.864  2.351  1.0426E+00  6.8694E-01  4.5163E-01
 0.8391717  3.7357  0.7152  3.5414  3.169 -0.105  0.605  0.390  0.792  1.312  1.723  1.808  1.889  2.382  1.0257E+00  6.7483E-01  4.4322E-01
 0.8396780  3.7336  0.7461  3.5023  3.094 -0.094  0.616  0.393  0.797  1.325  1.741  1.827  1.910  2.408  9.9570E-01  6.5416E-01  4.2922E-01
 0.8401674  3.7318  0.7791  3.4624  3.014 -0.085  0.624  0.395  0.802  1.336  1.756  1.843  1.927  2.430  9.5140E-01  6.2421E-01  4.0917E-01
 0.8406294  3.7303  0.8131  3.4226  2.931 -0.077  0.632  0.397  0.805  1.346  1.768  1.857  1.942  2.448  9.0090E-01  5.9031E-01  3.8660E-01
 0.8410683  3.7290  0.8481  3.3827  2.846 -0.069  0.638  0.399  0.808  1.354  1.779  1.868  1.954  2.464  8.5220E-01  5.5772E-01  3.6494E-01
 0.8414816  3.7277  0.8834  3.3424  2.759 -0.062  0.644  0.401  0.811  1.362  1.790  1.880  1.966  2.479  8.0410E-01  5.2563E-01  3.4367E-01
 0.8418724  3.7266  0.9191  3.3025  2.672 -0.055  0.649  0.403  0.814  1.369  1.799  1.890  1.977  2.492  7.5770E-01  4.9476E-01  3.2323E-01
 0.8422393  3.7255  0.9549  3.2625  2.584 -0.049  0.654  0.404  0.817  1.376  1.809  1.900  1.987  2.505  7.1150E-01  4.6412E-01  3.0300E-01
 0.8425839  3.7244  0.9907  3.2224  2.496 -0.042  0.659  0.406  0.820  1.382  1.818  1.910  1.997  2.518  6.8010E-01  4.4320E-01  2.8915E-01
 0.8429194  3.7235  1.0269  3.1828  2.407 -0.037  0.663  0.407  0.822  1.388  1.826  1.918  2.006  2.529  6.4350E-01  4.1897E-01  2.7316E-01
 0.8432274  3.7224  1.0630  3.1425  2.319 -0.030  0.667  0.409  0.826  1.395  1.835  1.928  2.016  2.541  5.9820E-01  3.8913E-01  2.5355E-01
 0.8435176  3.7214  1.0991  3.1025  2.231 -0.024  0.671  0.411  0.829  1.401  1.844  1.937  2.025  2.553  5.7610E-01  3.7445E-01  2.4385E-01
 0.8438035  3.7204  1.1352  3.0626  2.142 -0.019  0.675  0.413  0.832  1.407  1.852  1.946  2.034  2.564  5.5340E-01  3.5941E-01  2.3392E-01
 0.8440710  3.7193  1.1712  3.0223  2.055 -0.013  0.679  0.415  0.836  1.414  1.862  1.956  2.044  2.577  5.3020E-01  3.4409E-01  2.2383E-01
 0.8443337  3.7182  1.2069  2.9823  1.968 -0.007  0.683  0.417  0.840  1.421  1.871  1.966  2.053  2.589  4.9680E-01  3.2218E-01  2.0948E-01
 0.8445678  3.7170  1.2426  2.9420  1.882  0.000  0.688  0.420  0.845  1.429  1.882  1.977  2.064  2.602  4.5350E-01  2.9391E-01  1.9100E-01
 0.8447872  3.7158  1.2781  2.9018  1.796  0.006  0.692  0.423  0.850  1.436  1.892  1.988  2.074  2.615  4.2800E-01  2.7721E-01  1.8007E-01
 0.8449958  3.7146  1.3139  2.8613  1.710  0.013  0.696  0.426  0.856  1.444  1.903  1.999  2.085  2.629  4.0120E-01  2.5970E-01  1.6863E-01
 0.8451884  3.7135  1.3496  2.8213  1.624  0.018  0.700  0.429  0.861  1.451  1.913  2.010  2.094  2.641  3.7280E-01  2.4119E-01  1.5655E-01
 0.8453686  3.7123  1.3853  2.7809  1.539  0.025  0.704  0.432  0.867  1.458  1.923  2.021  2.105  2.654  3.4960E-01  2.2607E-01  1.4668E-01
 0.8455380  3.7111  1.4209  2.7406  1.453  0.031  0.708  0.435  0.873  1.466  1.934  2.032  2.115  2.667  3.2520E-01  2.1019E-01  1.3634E-01
 0.8456938  3.7097  1.4560  2.6999  1.370  0.039  0.713  0.439  0.880  1.475  1.946  2.045  2.127  2.682  3.0120E-01  1.9459E-01  1.2618E-01
 0.8458392  3.7085  1.4915  2.6597  1.285  0.046  0.717  0.443  0.887  1.483  1.957  2.057  2.137  2.695  2.8060E-01  1.8121E-01  1.1747E-01
 0.8459744  3.7072  1.5265  2.6196  1.202  0.053  0.722  0.446  0.893  1.491  1.968  2.069  2.148  2.709  2.6180E-01  1.6901E-01  1.0953E-01
 0.8461010  3.7057  1.5611  2.5790  1.121  0.061  0.727  0.451  0.901  1.500  1.981  2.082  2.161  2.725  2.4450E-01  1.5778E-01  1.0223E-01
 0.8462189  3.7043  1.5959  2.5387  1.038  0.069  0.732  0.455  0.908  1.509  1.993  2.095  2.173  2.739  2.2680E-01  1.4631E-01  9.4779E-02
 0.8463278  3.7028  1.6305  2.4982  0.956  0.078  0.738  0.459  0.915  1.518  2.006  2.108  2.185  2.755  2.1130E-01  1.3627E-01  8.8255E-02
 0.8464302  3.7013  1.6650  2.4577  0.874  0.087  0.744  0.462  0.922  1.527  2.018  2.121  2.198  2.770  1.9820E-01  1.2779E-01  8.2744E-02
 0.8465260  3.6998  1.6996  2.4172  0.792  0.097  0.751  0.466  0.928  1.535  2.030  2.134  2.210  2.785  1.8440E-01  1.1886E-01  7.6948E-02
 0.8466146  3.6983  1.7340  2.3768  0.710  0.107  0.757  0.470  0.934  1.544  2.042  2.146  2.222  2.799  2.2450E-01  1.4466E-01  9.3636E-02
 0.8467505  3.6957  1.7908  2.3097  0.574  0.127  0.770  0.475  0.944  1.558  2.061  2.167  2.243  2.823  2.5860E-01  1.6658E-01  1.0780E-01
 0.8468732  3.6931  1.8480  2.2421  0.436  0.149  0.784  0.481  0.952  1.571  2.079  2.186  2.263  2.846  2.5810E-01  1.6620E-01  1.0752E-01
 0.8470086  3.6905  1.9049  2.1749  0.299  0.173  0.800  0.486  0.961  1.584  2.097  2.205  2.283  2.868  2.8450E-01  1.8313E-01  1.1845E-01
 0.8471577  3.6878  1.9616  2.1075  0.162  0.200  0.816  0.491  0.969  1.598  2.115  2.224  2.304  2.891  3.4680E-01  2.2313E-01  1.4427E-01
 0.8473554  3.6853  2.0186  2.0406  0.025  0.226  0.832  0.496  0.977  1.610  2.132  2.242  2.324  2.912  2.9760E-01  1.9139E-01  1.2371E-01
 0.8474553  3.6823  2.0740  1.9732 -0.107  0.258  0.852  0.502  0.987  1.626  2.153  2.265  2.349  2.939  1.7740E-01  1.1405E-01  7.3704E-02
 0.8475328  3.6793  2.1288  1.9065 -0.236  0.291  0.872  0.508  0.997  1.643  2.176  2.289  2.375  2.967  1.4210E-01  9.1337E-02  5.9016E-02
 0.8475974  3.6761  2.1829  1.8396 -0.361  0.326  0.893  0.516  1.010  1.664  2.202  2.317  2.405  2.999  1.2210E-01  7.8468E-02  5.0694E-02
 0.8476549  3.6729  2.2365  1.7732 -0.483  0.362  0.914  0.524  1.023  1.686  2.232  2.348  2.437  3.035  1.0910E-01  7.0102E-02  4.5284E-02
 0.8477065  3.6696  2.2901  1.7065 -0.604  0.402  0.937  0.532  1.038  1.711  2.264  2.381  2.473  3.073  9.8400E-02  6.3218E-02  4.0833E-02
 0.8477533  3.6663  2.3434  1.6400 -0.722  0.444  0.960  0.540  1.053  1.738  2.299  2.417  2.510  3.113  8.9400E-02  5.7428E-02  3.7090E-02
 0.8477959  3.6630  2.3965  1.5737 -0.838  0.488  0.984  0.549  1.069  1.767  2.336  2.455  2.550  3.155  8.0800E-02  5.1898E-02  3.3515E-02
 0.8478341  3.6596  2.4492  1.5074 -0.951  0.534  1.009  0.560  1.087  1.798  2.376  2.496  2.593  3.201  7.3000E-02  4.6883E-02  3.0274E-02
 0.8478689  3.6562  2.5015  1.4416 -1.061  0.580  1.035  0.571  1.107  1.830  2.417  2.538  2.637  3.248  6.7400E-02  4.3282E-02  2.7947E-02
 0.8479015  3.6527  2.5536  1.3755 -1.169  0.626  1.061  0.584  1.129  1.864  2.460  2.583  2.684  3.299  6.0900E-02  3.9104E-02  2.5248E-02
 0.8479298  3.6492  2.6052  1.3099 -1.274  0.672  1.089  0.598  1.154  1.899  2.504  2.630  2.733  3.352  5.5000E-02  3.5313E-02  2.2799E-02
 0.8479565  3.6456  2.6566  1.2441 -1.375  0.721  1.118  0.616  1.184  1.936  2.550  2.680  2.785  3.410  4.9600E-02  3.1844E-02  2.0558E-02
 0.8479794  3.6419  2.7073  1.1786 -1.471  0.772  1.149  0.636  1.218  1.977  2.600  2.734  2.842  3.473  4.5400E-02  2.9145E-02  1.8815E-02
 0.8480019  3.6382  2.7581  1.1130 -1.565  0.823  1.180  0.658  1.255  2.019  2.651  2.791  2.900  3.539  4.1300E-02  2.6512E-02  1.7114E-02
 0.8480207  3.6345  2.8085  1.0478 -1.655  0.876  1.211  0.679  1.292  2.063  2.705  2.849  2.961  3.607  3.7600E-02  2.4135E-02  1.5580E-02
 0.8480395  3.6308  2.8589  0.9826 -1.744  0.928  1.242  0.700  1.329  2.109  2.762  2.910  3.023  3.677  3.5800E-02  2.2979E-02  1.4832E-02
 0.8480565  3.6270  2.9092  0.9171 -1.831  0.981  1.274  0.719  1.364  2.159  2.822  2.974  3.090  3.749  3.1700E-02  2.0346E-02  1.3133E-02
 0.8480712  3.6233  2.9592  0.8524 -1.917  1.034  1.304  0.736  1.397  2.209  2.883  3.038  3.156  3.821  2.9400E-02  1.8869E-02  1.2179E-02
 0.8480859  3.6195  3.0093  0.7871 -2.001  1.088  1.335  0.752  1.429  2.263  2.949  3.105  3.226  3.897  2.9300E-02  1.8804E-02  1.2137E-02
 0.8481005  3.6157  3.0594  0.7218 -2.082  1.143  1.367  0.768  1.461  2.319  3.017  3.175  3.298  3.976  2.5600E-02  1.6429E-02  1.0603E-02
 0.8481115  3.6120  3.1093  0.6571 -2.161  1.196  1.398  0.784  1.494  2.377  3.086  3.247  3.372  4.057  2.2100E-02  1.4182E-02  9.1532E-03
 0.8481226  3.6082  3.1593  0.5919 -2.236  1.251  1.430  0.801  1.531  2.440  3.161  3.324  3.452  4.144  2.2200E-02  1.4246E-02  9.1941E-03
 0.8481337  3.6044  3.2093  0.5267 -2.306  1.305  1.464  0.821  1.572  2.506  3.240  3.406  3.537  4.238  2.2100E-02  1.4181E-02  9.1523E-03
 0.8481447  3.6006  3.2592  0.4616 -2.371  1.359  1.500  0.845  1.620  2.577  3.324  3.494  3.628  4.338  4.0500E-02  2.5987E-02  1.6771E-02
 0.8481742  3.5969  3.3097  0.3963 -2.432  1.414  1.536  0.873  1.674  2.651  3.409  3.586  3.722  4.443  2.9500E-02  1.8928E-02  1.2215E-02
